0.61 38994
0.54 47340
0.07 50696
0.91 156423
0.48 32938
0.57 165203
0.86 286571
0.77 79027
0.6 362337
0.58 64029
0.05 38060
0 24128326
0.64 93785
0.66 22767
0.98 78544
0.3 61246
0.49 14235
0.38 128219
0.11 86403
0.94 162112
0.65 52765
0.21 38654
0.22 74065
0.4 305199
0.75 750976
0.83 369038
0.84 64871
0.89 207738
0.2 302775
0.92 193279
0.1 68424
0.27 60218
0.08 70879
0.53 53370
0.72 44524
0.34 12413
0.31 45561
0.59 42278
0.25 517312
0.28 22457
0.63 142830
0.41 31531
0.23 37336
0.78 141837
0.36 66788
0.35 33523
0.14 142966
0.52 34079
0.09 55348
0.95 142439
0.16 19832
0.01 4839
0.67 1313222
0.33 1039953
0.51 14786
0.68 49822
0.7 101121
0.88 264672
0.12 23471
0.85 107133
0.39 27367
0.5 2863028
0.17 201904
0.44 93441
0.03 23274
0.73 107392
0.19 30605
0.42 52337
0.06 48431
0.71 219390
0.99 32766
0.8 491495
0.74 53565
0.26 24199
0.32 27235
0.81 80964
0.04 30655
0.79 90262
0.43 143468
0.02 12878
0.46 42624
0.97 105947
0.45 59366
0.55 67614
0.29 142910
0.96 128800
0.69 76345
0.93 163739
0.37 20602
0.87 83957
0.15 39703
0.9 179363
0.13 121428
0.76 66468
1 27876903
0.18 55716
0.82 124757
0.47 48207
0.62 55161
0.56 106755
0.24 29389
