0.03 27572
0.73 306052
0 82615779
0.61 74093
0.09 85005
0.5 14394635
0.18 94471
0.85 311681
0.07 72138
0.79 227744
0.01 5301
0.52 59930
0.82 384882
0.78 471333
0.71 800680
0.37 31006
0.02 14647
0.89 830672
0.17 483929
0.66 33801
0.29 355536
0.74 107059
0.33 4170514
0.45 136192
0.67 6865393
0.62 129400
0.38 321780
0.7 290642
0.24 42416
0.83 1663770
0.56 303174
0.44 241457
0.36 141407
0.81 197409
0.51 19286
0.65 109796
0.42 109104
0.28 32161
0.1 112507
0.6 1479546
0.72 90003
0.95 603596
0.26 33644
0.21 59437
0.12 30882
0.19 43437
0.35 54601
0.91 593296
0.04 37374
0.08 106620
0.53 114041
1 209196203
0.88 1067630
0.14 302181
0.98 400911
0.58 155556
0.87 237706
0.41 53489
0.13 225930
0.39 44019
0.23 60405
0.64 255001
0.97 497228
0.43 425730
0.69 190311
0.46 87573
0.31 82346
0.77 201544
0.63 451967
0.48 55353
0.55 166078
0.49 18069
0.2 836800
0.93 651477
0.94 672448
0.68 99062
0.15 59419
0.99 195760
0.84 150042
0.96 556543
0.86 1231711
0.11 151984
0.16 25435
0.4 1056687
0.9 694587
0.8 2371381
0.47 97607
0.34 15343
0.54 103810
0.32 40865
0.25 1699203
0.06 65596
0.05 49259
0.27 114020
0.92 785535
0.75 3814800
0.57 556215
0.3 126548
0.76 147505
0.22 149276
0.59 82413
