0.56 1011560
0.98 1580967
0.09 209043
0.18 255099
0.78 1792006
0.21 166827
0.13 561920
0.07 173215
0.82 1583490
1 419302853
0.37 96243
0.02 27222
0.14 738875
0.89 3316037
0.66 127212
0.19 120754
0.23 169887
0.38 948867
0.97 2059661
0.62 471397
0.74 443602
0.54 358175
0.33 9207733
0.67 17214416
0.96 2360854
0.15 160164
0.46 284133
0.7 1083632
0.24 119787
0.44 750428
0.36 430173
0.81 858442
0.6 4335246
0.28 93609
0 97580822
0.45 438204
0.63 1538045
0.1 275396
0.32 123016
0.9 2853693
0.72 362406
0.61 272364
0.95 2593653
0.26 97354
0.47 325739
0.71 2760941
0.85 1348852
0.12 80188
0.5 29602850
0.05 110883
0.03 56930
0.73 1189329
0.91 2495145
0.04 80788
0.31 245005
0.53 395538
0.08 259685
0.01 8809
0.79 962830
0.51 61757
0.69 737065
0.88 4154499
0.39 137476
0.3 366023
0.58 548548
0.76 617692
0.41 171730
0.25 3924720
0.52 205746
0.64 930754
0.42 343542
0.92 3294270
0.87 1047730
0.43 1247929
0.17 1166189
0.65 420331
0.77 826533
0.48 186569
0.49 57915
0.2 1999561
0.93 2800080
0.68 388750
0.99 725231
0.94 2892255
0.84 669365
0.29 965259
0.86 4484529
0.11 373822
0.4 2813879
0.16 68308
0.83 5661345
0.34 45423
0.35 168723
0.06 154109
0.27 326359
0.75 10827317
0.57 1763786
0.22 403827
0.55 567931
0.59 297840
0.8 7462187
