0.9 1974107
0.52 125300
0.66 79957
0.44 441441
0.6 2603132
0.77 534168
0.76 395445
0.68 242632
0.02 20234
0.82 1046206
0.57 1058279
0.78 1159670
0.81 560966
0.65 258476
0.2 1135443
0.49 37217
0.15 97577
0.18 152742
0.13 334665
0.36 253814
0.5 17124097
0.53 237878
0.31 145759
0.99 520250
0.62 289469
0.41 103715
0.09 129132
0.96 1701791
0.29 558593
0.38 553877
0.24 73237
0.25 2212951
0.48 112934
0.61 167379
0.11 225853
0.75 6772793
0.97 1493906
0.22 237071
0.98 1151836
0.3 213860
0.54 214826
0.14 434610
0.4 1620341
0.71 1733392
0.37 59406
0.46 170241
0.07 109706
0.74 280134
0.86 3010391
0 58547546
1 284346319
0.39 84021
0.92 2316136
0.32 74842
0.33 5186004
0.17 674169
0.05 72877
0.59 182262
0.43 728560
0.64 572316
0.19 73558
0.69 458448
0.58 332181
0.34 28994
0.1 168886
0.42 204749
0.72 228110
0.56 609377
0.03 39010
0.73 752937
0.8 4780752
0.84 441834
0.93 1980608
0.88 2828793
0.06 98818
0.67 10357048
0.83 3722697
0.94 2058504
0.85 904092
0.12 50656
0.16 42904
0.87 708522
0.47 195204
0.08 162459
0.26 60456
0.28 57266
0.55 341543
0.04 54026
0.91 1735644
0.21 100821
0.63 940312
0.35 102031
0.89 2273438
0.45 259426
0.95 1851919
0.51 40207
0.27 192318
0.01 7456
0.79 623420
0.23 101931
0.7 680120
