0.05 964
0.42 4595
0.12 762
0.59 4181
0.79 14557
0.99 18048
0.47 4463
0.83 107610
0.53 5429
0.01 63
0.68 5255
0.23 1910
0.07 1597
0.66 1680
0.5 658523
0.57 29868
0.84 10253
0.39 1743
0.38 13583
0.52 2707
0.74 6190
0.21 1783
0.28 1084
0.77 12552
0.71 47518
0.91 44292
0.04 692
0.13 6126
0.76 8973
0.18 2756
0.22 4928
0.4 47396
0.2 27593
0.16 632
0.03 483
0.36 5829
0.35 1997
0.65 5819
0.94 53106
0.81 12839
0.98 33478
0.02 215
0.61 3807
0.87 17017
0.24 1209
0.09 2133
0.82 25596
0.19 1203
0.37 1173
0.3 4665
0.1 2916
0.31 2936
0.97 40320
0.54 4971
0.51 760
0.25 62127
0.08 2582
0.78 29636
0.06 1452
0.89 59133
0.34 490
0.88 74338
0.11 3968
0.43 19396
0.67 394445
1 16310448
0.55 8606
0.96 44726
0.44 11041
0.49 665
0.6 80813
0.58 8007
0 1840189
0.72 5043
0.27 3848
0.92 59695
0.33 173183
0.9 50800
0.26 1026
0.75 227680
0.7 17051
0.63 25076
0.8 146552
0.56 15693
0.17 14990
0.73 18421
0.86 82761
0.15 1647
0.95 47504
0.69 10782
0.14 8898
0.46 3965
0.62 6833
0.45 6245
0.41 2180
0.64 13991
0.93 50194
0.32 1391
0.48 2388
0.85 22038
0.29 13354
