0.09 50859
0.31 53936
0.66 21889
0.25 899840
0.77 108331
0.9 255896
0.51 13235
0.05 29228
0.42 73231
0.84 71030
0.89 314561
0.57 343651
0.3 80710
0.37 21358
0.87 101831
0.97 123782
0.12 19942
0.02 9501
0.16 16788
0.96 151922
0.26 22712
0.52 40907
0.8 1080877
0.69 116287
1 57871688
0.46 59137
0.43 264940
0.32 27429
0.92 262478
0.61 49480
0.13 131812
0.44 157001
0.63 278920
0.58 102281
0.56 196424
0.38 206296
0.11 88117
0.4 609528
0.76 81475
0.22 91827
0.04 22746
0.91 211615
0.17 271085
0.5 6654076
0.71 444414
0.98 92263
0.1 65944
0.18 59314
0.6 833905
0.48 38515
0.7 173000
0.68 61964
0.39 29850
0.54 69200
0.33 2115219
0.75 1786037
0.14 172932
0.01 3693
0.73 175759
0.03 17184
0.27 73033
0.41 36772
0.21 38448
0.28 21550
0.99 37207
0.82 183583
0.06 38626
0.88 423562
0.64 161955
0.19 28449
0 32630772
0.72 53943
0.49 12347
0.15 37566
0.85 140134
0.29 216430
0.47 66764
0.67 3275810
0.65 70828
0.79 118253
0.45 91003
0.23 38920
0.08 62682
0.07 42767
0.74 62592
0.36 93264
0.59 55419
0.93 210301
0.24 27884
0.83 725578
0.34 10642
0.55 110374
0.62 84353
0.78 243490
0.86 512585
0.81 98551
0.35 37413
0.94 204447
0.2 459230
0.95 173883
0.53 76719
