40 5663257
1 7656473
43 5774955
190 541660
131 981520
174 487352
184 371697
87 2185265
53 4718779
65 3797828
95 2033835
105 1362424
117 1273388
122 816554
112 1133617
70 3271388
88 2591848
28 7016036
181 454020
58 5121215
68 4070815
22 6446498
136 865642
147 1042193
64 3936616
79 5403715
0 3721089
119 3217795
13 1961621
167 727737
56 4291009
199 1628129
62 4297611
84 1935580
126 943398
60 4210789
104 1398668
30 8406145
157 988764
4 1448991
14 2004196
9 1841691
156 751082
152 625746
183 401283
187 551260
138 1688550
128 1437526
142 739394
19 5394155
166 624251
57 4633873
71 3254155
61 4118562
161 765205
11 2097729
54 4659018
118 1772334
77 2882353
75 2879729
66 3376111
182 382393
25 8367531
35 9109195
81 2311877
3 1821223
197 494656
44 5337227
37 7868174
133 892853
123 973901
200 588996
27 7986448
114 1103104
96 1758292
106 1251330
83 2377452
93 1572488
63 4174262
139 3260915
129 2615600
146 802154
127 1211645
180 746567
170 717419
23 7554481
121 991716
102 1264938
89 3587812
80 2544454
111 1439557
169 1835245
26 8133801
16 1535594
150 1560339
160 996021
7 1214734
67 3871160
153 723039
6 4118321
163 647765
33 7447350
186 354829
98 2500545
113 1093179
109 2770139
12 1621534
97 1999044
39 8526294
29 11206011
175 568985
171 551895
191 374519
201 77619812
140 1035150
132 770764
32 6579868
42 4904464
185 371137
137 1199578
173 529918
94 1701864
72 2744384
52 4412838
103 1405665
99 3548894
134 807378
124 901148
46 5689421
36 8054647
101 1408885
91 1675426
158 1507738
168 1008053
154 660891
21 5742644
107 1551898
188 856332
31 7413628
178 1043665
130 1099904
120 1159932
164 573717
141 892079
115 1124408
189 1322659
73 2772773
196 521390
49 7486582
15 1993826
10 2706422
47 6287509
50 5423627
69 5505183
59 7107499
192 318403
55 4858989
144 788738
125 980508
135 957184
85 2064595
149 2992624
20 4469900
177 709423
100 1562396
116 1029904
110 2244730
34 8471160
24 8248189
41 5355352
51 5333392
148 1458931
45 5609492
198 811013
108 1911524
18 5956835
38 7082164
159 3034323
194 334023
176 654550
143 916262
74 2758235
78 3650190
76 2654302
193 343050
2 6829717
155 790819
145 897823
162 567937
172 463697
48 6027448
195 442531
17 2403427
90 1797366
86 1912313
5 1321716
151 879044
179 2099640
165 718532
8 1257109
92 1363492
82 1822583
