196 910173
189 2136431
144 5216704
83 19570745
106 8471115
21 62657486
74 34088810
163 2324816
114 9736952
131 6297026
121 5642301
79 65766701
101 10184373
77 23402206
35 43238187
178 1961195
2 20423477
155 2799582
145 4635684
13 16734198
43 44064100
24 50039797
132 5540957
142 4832422
128 6766070
159 7467826
169 4444270
52 32695257
186 989149
115 6966939
137 6486235
87 16689811
38 52623031
73 22892614
123 5563104
157 2916796
116 6422239
5 25240098
152 2980850
180 1715398
170 2465922
165 2201521
141 5126723
151 3647501
32 41579625
80 24935071
70 29187169
95 13752529
105 9513578
90 17892226
98 15912670
124 5908726
134 5897192
94 18425992
10 16791171
201 167378068
191 1078663
50 43190268
190 1260056
22 43786210
12 15135432
1 35266254
140 6027238
100 12259261
110 10622276
53 34748848
63 29256322
200 1244048
46 32881917
36 40305006
183 1155642
193 954070
187 1111195
40 48810457
149 7015924
127 5887877
67 27008167
57 30821990
102 9744644
109 16448111
66 22362127
62 23160516
103 10451895
113 7316819
148 4984341
28 46162156
171 2050043
138 7725972
179 3547770
84 24992380
89 36510824
120 6992160
25 42507691
182 1107572
16 17961457
26 41678770
76 21868461
65 24791671
139 10921328
129 9925747
162 2317872
172 1642369
117 7286918
107 9202338
17 23245949
164 2637580
154 3173369
112 7176090
122 5184807
31 49445020
188 1321704
96 12225447
195 989781
48 46590530
78 32788415
194 1147078
0 22313954
153 2841865
3 26490866
51 38651362
41 41034771
198 1386925
29 67365171
39 112018077
147 4439918
85 16838675
75 22594545
118 9310988
108 11028683
6 23691767
133 5657608
143 5072254
81 18916241
59 100108386
49 100148462
192 937984
111 8644702
86 14786318
104 11738224
177 1515792
167 2348995
130 7298461
126 5182351
174 1770494
44 58997139
197 1034569
173 1546020
45 36509466
93 15288497
8 23290952
34 55601692
181 1239308
56 28034650
199 2620742
88 20961231
68 38524285
58 42484875
158 3890227
33 41237209
72 21156161
135 5550417
125 5562689
119 15214766
47 37976816
37 42776882
60 33922102
91 16249981
14 18946782
4 25292516
161 2549665
54 54303125
27 43499802
15 17816675
92 15204731
82 17357944
42 38748526
185 1077999
55 34255909
9 22007403
156 2627789
146 4212194
97 13192522
64 43493609
11 16452605
168 2761751
175 1531128
61 25498256
71 24931200
69 79861525
20 44580157
30 47119881
99 25266712
18 29340410
23 44095652
19 38832463
176 1381703
166 2079977
7 24695817
150 4152420
160 3531299
136 5484901
184 1316419
