161 706343
96 3374814
62 13613603
6 40147734
114 1558702
131 1125096
121 1356203
89 7132702
47 21243235
37 25518734
77 8526301
188 500504
178 675527
155 720220
2 36254604
145 749471
41 21465512
3 30778597
13 71644260
149 1071630
128 1416038
138 1139166
22 47574561
48 21064521
137 1005255
147 786404
75 9233823
85 5428819
97 3714115
16 58784846
73 9421088
123 1251000
29 38961773
39 31691514
125 1217332
64 13298874
5 34194627
23 45178662
180 613956
166 586063
170 668495
0 40152594
165 600141
8 60389501
18 59606396
88 5810926
49 24331949
196 360629
151 809641
141 836477
80 7999236
70 12720914
105 2375949
95 3874047
90 5074462
124 1191464
134 988339
10 62863549
201 46701085
191 513255
60 15652783
12 73156990
1 58013761
110 2417649
63 14510707
53 16762850
78 9360924
9 60432763
142 793675
132 996761
66 12383502
46 19360671
193 371848
36 24624872
40 21789932
183 464994
187 463429
127 1344343
67 13232631
115 1635794
102 2522122
72 9615379
109 3616321
148 846142
189 673944
179 1036326
140 1001101
79 12633537
120 1741646
130 1248927
35 26319543
182 433244
25 40635964
26 41654939
169 856549
76 8209349
65 13078890
129 1754487
139 1515720
172 508623
162 613052
52 16799636
195 370290
117 1714460
107 2459096
17 63661765
112 1752559
122 1208143
31 34644574
106 2200093
74 9068843
84 5361400
194 354977
200 462811
153 694423
163 639713
51 19285235
146 727362
113 1667040
103 2729186
116 1527235
118 2113578
108 2779990
159 1377102
143 823018
133 1019673
38 25691428
81 6752736
192 389441
59 21377940
55 16663733
111 2236966
175 539433
100 3516146
104 2380848
167 660928
177 540301
20 51481105
126 1192514
184 429561
44 20647299
197 423682
82 5775389
92 3828669
93 3855911
83 6004109
24 42788411
19 58414111
176 499513
34 27000101
56 15547059
199 865440
58 17090424
68 13249051
144 757769
94 3601274
98 4278157
186 420160
33 28921698
86 5062115
135 1005873
119 3004466
43 20937496
190 519907
50 19554302
101 2902632
157 755606
4 36395025
14 66066490
54 16174537
27 42775615
15 73816758
32 28563715
185 439446
42 19641520
152 693648
156 704520
87 5670332
21 54641972
164 593810
11 66960686
168 673517
154 683559
158 892266
181 478948
28 38102132
171 633485
71 12303271
57 16370355
61 14489701
69 15494346
173 512712
30 32481223
99 5979756
7 51817448
150 853998
160 858915
45 20040320
198 545978
136 936843
174 503020
91 4815280
