121 1034426
131 720595
141 476494
130 814855
97 2524112
64 9218754
107 2370190
117 1227536
183 285387
81 4653314
110 1748043
201 32869869
147 558730
137 610975
162 308373
134 579563
4 17608595
88 4750375
44 15681437
49 15497339
184 284388
18 44154983
32 28317787
190 311109
43 14940640
145 450257
99 4610747
181 332803
106 1580596
96 2200731
9 46638071
31 31170089
188 312351
178 408521
200 285106
47 13196319
37 19836987
194 217672
17 40592655
176 301892
127 1293001
10 45697216
51 13001505
41 16720230
84 3761275
115 1113226
179 617010
189 394993
158 487886
58 12982968
68 9646209
198 287754
45 13388229
62 9436343
72 7160004
52 12318442
195 219782
187 291773
136 565819
105 1590253
126 1207549
0 34930871
87 3860167
123 824104
33 24484972
103 1672224
40 21097687
193 222570
119 2403418
148 629590
30 32965994
173 297682
116 1118269
169 456378
3 18578869
120 1537240
13 47821254
172 293189
60 12490515
50 13929306
98 3288829
20 39308880
167 321733
177 329827
53 12492091
63 10710508
94 2339715
21 39745928
11 42092029
168 358074
191 270157
104 1566908
165 305692
8 28268217
151 452270
174 946263
124 810127
76 5731664
65 8952560
129 1246079
93 2459083
83 3999155
140 654435
175 307987
48 13379860
59 15386257
55 12078994
192 232888
196 214965
2 42880927
155 373882
171 303215
28 38568818
111 1398043
92 2738959
82 3977221
61 10369324
113 1125499
66 8656247
197 234620
79 10140206
89 6353112
1 63759844
90 3768626
86 3395984
159 727525
163 318828
6 27663271
153 390738
75 6251683
85 3563412
91 3302632
101 2464586
144 452544
152 403996
5 36157820
73 7213014
69 11786445
170 348112
180 440670
166 304252
23 39282263
27 33529539
12 45370015
22 36818651
35 20404349
182 282502
25 37148686
80 6190133
70 9718379
157 397055
132 597742
14 45201869
109 2988537
156 365938
146 460955
36 19117297
46 12706823
186 281608
133 586445
143 456824
56 11367562
199 427984
38 21222573
42 14481812
185 291819
161 334897
135 577153
19 46195697
128 1193275
138 745937
7 36175471
160 471887
150 535553
95 2397511
15 45342444
77 6035690
54 12432221
100 3582222
74 6499970
78 7248724
122 818410
112 1163521
16 38382500
26 33523233
154 381229
164 310407
57 11904471
67 9281950
71 8954885
114 1086682
125 915038
39 27292866
29 39416687
102 2206294
142 443752
34 23069546
24 40808109
149 761813
108 2165408
118 1594842
139 1069406
