139 38228
170 16431
180 15960
112 39580
122 38502
103 40023
77 168457
45 674395
29 2157432
33 1351244
39 1827031
9 1199828
21 2522576
11 2068267
64 313617
117 52651
26 2183063
24 2574994
127 35641
10 1207229
92 62171
82 107957
131 31772
25 2277166
35 1444882
188 14835
105 36817
88 115378
65 282182
102 38356
128 38822
85 96894
70 342104
20 2419489
96 51023
6 669993
159 31481
56 652210
119 76543
59 772127
113 42337
90 99480
98 77736
129 50603
84 103672
74 203045
7 811101
13 5399750
160 23896
3 460098
150 24669
38 1103051
110 42827
153 21431
23 2904096
176 13646
166 17750
57 644282
67 324502
27 2439372
184 13340
175 12996
165 19000
134 25611
124 36063
61 420229
43 926294
133 26233
143 28996
158 24359
168 19547
187 14327
149 30607
156 23209
146 24704
126 31805
130 34335
120 56285
60 511608
50 865709
52 1047422
195 10856
99 111398
152 21126
46 721195
36 1646829
81 141556
118 57031
108 86881
17 1703735
48 781139
178 17089
16 2104200
12 3204254
169 22301
200 12899
115 59516
106 35339
104 36928
34 1298485
145 26539
155 21767
2 1798321
72 217246
62 358829
95 58030
142 24610
132 26339
197 13910
55 742307
87 99850
186 13785
51 845969
138 29397
154 21134
164 18914
194 9980
137 26086
86 87348
183 13330
193 9813
40 1057367
18 1687724
8 950662
141 24000
151 23422
192 9795
49 1043355
41 972543
198 18203
80 176106
76 163787
201 1399708
44 747452
191 12168
14 3438395
157 23203
37 1308646
190 13195
47 906587
100 60629
53 826830
63 363457
111 44270
107 53077
66 296972
71 340617
196 12363
125 34253
179 22017
189 16269
114 49282
75 190607
182 12893
1 6770557
148 26294
174 12444
31 2345549
91 86150
123 38623
5 637773
199 22740
58 628599
68 328091
167 18709
140 26957
28 1871659
171 14869
94 56761
144 27948
54 851985
116 56290
172 12543
15 2540421
162 19555
136 25708
89 162867
79 333722
4 605709
161 21242
30 1863657
173 12533
177 15588
22 2349675
0 1293716
163 19933
101 46545
78 201377
147 25671
73 218431
185 14546
32 1410404
42 802853
109 63562
19 2050571
93 61928
83 115654
97 58813
135 26572
121 47265
69 499804
181 13708
