107 2549026
17 16383623
6 12180877
163 676076
130 1518237
94 3051440
84 4143654
3 10908460
169 1038281
103 2267483
70 7984806
75 5648432
85 4213795
41 11196066
93 3102562
99 6136954
110 2682527
20 15935410
173 581078
76 5619197
116 1730223
82 4375106
92 3422551
113 1905049
119 3878082
2 5194774
145 773504
81 4807725
25 14693958
35 12857283
182 432356
170 723250
180 637629
136 997267
111 2236457
102 2302065
120 1907863
141 862514
91 3951679
101 2468522
129 2591209
167 726696
177 577254
192 339714
49 15097566
59 13122279
86 4154045
48 11816619
78 7085713
74 5496296
191 384971
117 1857493
122 1347381
112 1964358
157 734045
4 12928291
197 344453
44 10417151
10 16334141
50 10265941
60 8003385
200 427923
160 852950
7 12960991
150 937545
13 16608473
133 1066603
143 819005
137 1105955
77 5878675
164 696687
56 7279519
199 767160
16 15978314
26 13481285
63 6944043
53 7868868
64 6566865
125 1457439
29 19366558
88 5263055
24 15960083
34 13011349
181 470556
38 13300388
65 6049958
52 8463700
186 385940
33 12778589
132 1116780
123 1371524
51 9821644
30 16201470
105 2217715
95 3010953
172 595748
162 640032
89 6991982
79 10163150
149 1421419
71 7359755
61 6943754
114 1869858
72 5819257
62 6537211
138 1432403
142 797738
128 1913433
83 4317144
68 7471631
58 9126902
155 719004
171 632125
175 582996
28 15266182
15 17633900
147 844965
100 3146564
148 1014283
66 5923147
109 4481734
97 3196097
87 4530059
31 16704052
188 486700
178 697541
156 690443
146 761044
152 731683
46 10231262
184 407940
174 572500
57 7976557
67 6534221
54 7982113
80 6006081
151 810306
127 1611692
69 9902173
166 712970
196 313812
43 10390501
190 452519
47 11792746
131 1245278
121 1392716
153 728008
23 16688142
27 15547928
32 12937531
185 402007
42 10018141
165 721067
8 12958841
159 1452620
201 48744276
195 320924
118 2502019
22 15658169
40 12580886
187 417851
183 433641
73 5373923
144 792323
140 1157034
14 16442514
198 461035
161 665272
124 1384347
134 1032544
98 4152720
1 6223349
189 659820
179 1060639
0 8424507
139 2120123
5 12650244
96 2907791
106 2266661
55 7945249
37 12105904
194 318783
18 16748499
39 21879972
9 15726390
12 18721796
108 3178568
135 1031665
21 16439051
11 20131234
168 798562
158 919332
154 703410
176 543377
19 21374346
115 1845246
126 1442278
36 11492737
193 324019
104 2199022
90 4442689
45 10816415
